1 0.39375 0.4453125 0.1859375 0.178125
1 0.2234375 0.4375 0.1359375 0.1546875
1 0.0859375 0.44375 0.090625 0.1375
1 0.590625 0.4421875 0.178125 0.1875
1 0.7671875 0.4140625 0.13125 0.14375
1 0.90625 0.4203125 0.1171875 0.165625
1 0.7828125 0.58125 0.1046875 0.146875
1 0.8859375 0.565625 0.0828125 0.1046875
1 0.6484375 0.5984375 0.109375 0.115625
1 0.515625 0.6015625 0.1046875 0.121875
1 0.3953125 0.6046875 0.10625 0.1234375
1 0.2765625 0.6 0.10625 0.1125
1 0.14375 0.5875 0.109375 0.10625
1 0.4609375 0.7265625 0.8 0.0578125
1 0.4921875 0.2734375 0.375 0.096875
