1 0.384375 0.4796875 0.2515625 0.2203125
1 0.65625 0.4859375 0.240625 0.23125
1 0.1453125 0.4734375 0.1828125 0.1609375
1 0.06875 0.625 0.128125 0.1234375
1 0.2296875 0.6609375 0.175 0.134375
1 0.4015625 0.6484375 0.1390625 0.078125
1 0.559375 0.646875 0.15625 0.084375
1 0.728125 0.6734375 0.146875 0.0984375
1 0.878125 0.6734375 0.1109375 0.10625
1 0.884375 0.484375 0.1796875 0.1734375
1 0.140625 0.2859375 0.2796875 0.1234375
1 0.5078125 0.290625 0.1609375 0.09375
1 0.4796875 0.7703125 0.371875 0.0796875
